{
    "asset": {
        "version": "1.0",
        "generator": "Open Asset Import Library (assimp v4.1.0)"
    },
    "accessors": {
        "Cube.009_accessor": {
            "bufferView": "Cube.009_view",
            "byteOffset": 0,
            "byteStride": 0,
            "componentType": 5126,
            "count": 10760,
            "type": "VEC3",
            "max": [
                31.59208106994629,
                144.66844177246095,
                112.00518798828125
            ],
            "min": [
                -31.59208106994629,
                -56.86098861694336,
                0.7793469429016113
            ]
        },
        "Cube.009_accessor_0": {
            "bufferView": "Cube.009_view_0",
            "byteOffset": 0,
            "byteStride": 0,
            "componentType": 5126,
            "count": 10760,
            "type": "VEC3",
            "max": [
                0.9994780421257019,
                0.9961430430412293,
                0.9870024919509888
            ],
            "min": [
                -0.9994778633117676,
                -0.9996259212493897,
                -1.0
            ]
        },
        "Cube.009_accessor_1": {
            "bufferView": "Cube.009_view_1",
            "byteOffset": 0,
            "byteStride": 0,
            "componentType": 5126,
            "count": 10760,
            "type": "VEC2",
            "max": [
                0.9903659820556641,
                0.9928817749023438
            ],
            "min": [
                0.00711822509765625,
                0.007122039794921875
            ]
        },
        "Cube.009_accessor_2": {
            "bufferView": "Cube.009_view_2",
            "byteOffset": 0,
            "byteStride": 0,
            "componentType": 5123,
            "count": 16404,
            "type": "SCALAR",
            "max": [
                10759.0
            ],
            "min": [
                0.0
            ]
        },
        "skin_accessor": {
            "bufferView": "skin_view",
            "byteOffset": 0,
            "byteStride": 0,
            "componentType": 5126,
            "count": 10760,
            "type": "VEC4",
            "max": [
                27.0,
                27.0,
                27.0,
                27.0
            ],
            "min": [
                0.0,
                0.0,
                0.0,
                0.0
            ]
        },
        "skin_accessor_0": {
            "bufferView": "skin_view_0",
            "byteOffset": 0,
            "byteStride": 0,
            "componentType": 5126,
            "count": 10760,
            "type": "VEC4",
            "max": [
                1.0180890560150147,
                1.0180890560150147,
                1.0180890560150147,
                1.0180890560150147
            ],
            "min": [
                0.0,
                0.0,
                0.0,
                0.0
            ]
        },
        "skin_accessor_1": {
            "bufferView": "skin_view_1",
            "byteOffset": 0,
            "byteStride": 0,
            "componentType": 5126,
            "count": 28,
            "type": "MAT4",
            "max": [
                29.32623291015625,
                16.980249404907228,
                43.83280563354492,
                29.32623291015625,
                29.32623291015625,
                29.32623291015625,
                29.32623291015625,
                29.32623291015625,
                29.32623291015625,
                29.32623291015625,
                29.32623291015625,
                29.32623291015625,
                29.32623291015625,
                29.32623291015625,
                29.32623291015625,
                29.32623291015625
            ],
            "min": [
                -1.0000001192092896,
                -41.93280792236328,
                -56.22351837158203,
                -1.0000001192092896,
                -1.0000001192092896,
                -1.0000001192092896,
                -1.0000001192092896,
                -1.0000001192092896,
                -1.0000001192092896,
                -1.0000001192092896,
                -1.0000001192092896,
                -1.0000001192092896,
                -1.0000001192092896,
                -1.0000001192092896,
                -1.0000001192092896,
                -1.0000001192092896
            ]
        }
    },
    "buffers": {
        "../../download/2rkydj5fsgi3/2rkydj5fsgi3": {
            "byteLength": 723240,
            "type": "arraybuffer",
            "uri": "../../download/2rkydj5fsgi3/2rkydj5fsgi3.bin"
        }
    },
    "bufferViews": {
        "Cube.009_view": {
            "buffer": "../../download/2rkydj5fsgi3/2rkydj5fsgi3",
            "byteOffset": 0,
            "byteLength": 129120,
            "target": 34962
        },
        "Cube.009_view_0": {
            "buffer": "../../download/2rkydj5fsgi3/2rkydj5fsgi3",
            "byteOffset": 129120,
            "byteLength": 129120,
            "target": 34962
        },
        "Cube.009_view_1": {
            "buffer": "../../download/2rkydj5fsgi3/2rkydj5fsgi3",
            "byteOffset": 258240,
            "byteLength": 86080,
            "target": 34962
        },
        "Cube.009_view_2": {
            "buffer": "../../download/2rkydj5fsgi3/2rkydj5fsgi3",
            "byteOffset": 344320,
            "byteLength": 32808,
            "target": 34963
        },
        "skin_view": {
            "buffer": "../../download/2rkydj5fsgi3/2rkydj5fsgi3",
            "byteOffset": 377128,
            "byteLength": 172160,
            "target": 34962
        },
        "skin_view_0": {
            "buffer": "../../download/2rkydj5fsgi3/2rkydj5fsgi3",
            "byteOffset": 549288,
            "byteLength": 172160,
            "target": 34962
        },
        "skin_view_1": {
            "buffer": "../../download/2rkydj5fsgi3/2rkydj5fsgi3",
            "byteOffset": 721448,
            "byteLength": 1792,
            "target": 34962
        }
    },
    "images": {
        "image": {
            "uri": "."
        }
    },
    "materials": {
        "Material": {
            "values": {
                "ambient": [
                    0.0,
                    0.0,
                    0.0,
                    1.0
                ],
                "diffuse": "texture",
                "specular": [
                    0.20000000298023225,
                    0.20000000298023225,
                    0.20000000298023225,
                    1.0
                ],
                "emission": [
                    0.0,
                    0.0,
                    0.0,
                    1.0
                ],
                "shininess": 25.0
            }
        }
    },
    "meshes": {
        "Cube.009": {
            "name": "",
            "primitives": [
                {
                    "mode": 4,
                    "material": "Material",
                    "indices": "Cube.009_accessor_2",
                    "attributes": {
                        "POSITION": "Cube.009_accessor",
                        "NORMAL": "Cube.009_accessor_0",
                        "TEXCOORD_0": "Cube.009_accessor_1",
                        "JOINT": "skin_accessor",
                        "WEIGHT": "skin_accessor_0"
                    }
                }
            ]
        }
    },
    "nodes": {
        "RootNode": {
            "children": [
                "FullBody",
                "Hazenaught"
            ]
        },
        "FullBody": {
            "matrix": [
                100.0,
                0.0,
                0.0,
                0.0,
                0.0,
                -0.000016292067812173629,
                -100.0,
                0.0,
                0.0,
                100.0,
                -0.000016292067812173629,
                0.0,
                0.0,
                0.0,
                0.0,
                1.0
            ],
            "meshes": [
                "Cube.009"
            ],
            "skeletons": [
                "Hazenaught"
            ],
            "skin": "skin"
        },
        "Hazenaught": {
            "matrix": [
                100.0,
                0.0,
                0.0,
                0.0,
                0.0,
                -0.000016292067812173629,
                -100.0,
                0.0,
                0.0,
                100.0,
                -0.000016292067812173629,
                0.0,
                0.0,
                0.0,
                0.0,
                1.0
            ],
            "children": [
                "ORG-root",
                "Feet.L",
                "Target.UpperLeg.L",
                "Feet.R",
                "Target.UpperLeg.R",
                "Target.LowerArm.L",
                "Target.LowerArm.R",
                "Target.Tail",
                "Target.Head"
            ]
        },
        "ORG-root": {
            "matrix": [
                1.0,
                2.3841853646899836e-7,
                0.0,
                0.0,
                -4.6421799916466017e-14,
                1.947071694985425e-7,
                0.9999999403953552,
                0.0,
                2.3841852225814365e-7,
                -0.9999999403953552,
                1.947071694985425e-7,
                0.0,
                0.0,
                0.0,
                33.74614334106445,
                1.0
            ],
            "children": [
                "UpperLeg.L",
                "LowerBody",
                "TailBase",
                "UpperLeg.R"
            ],
            "jointName": "ORG-root"
        },
        "UpperLeg.L": {
            "matrix": [
                -0.012952771037817002,
                -0.14054785668849946,
                -0.9899886250495911,
                0.0,
                0.01932159624993801,
                -0.9899225234985352,
                0.1402856558561325,
                0.0,
                -0.9997021555900574,
                -0.017310624942183496,
                0.015537434257566929,
                0.0,
                16.70185089111328,
                11.253379821777344,
                3.0403335094451906,
                1.0
            ],
            "children": [
                "LowerLeg.L"
            ],
            "jointName": "UpperLeg.L"
        },
        "LowerLeg.L": {
            "matrix": [
                0.9729950428009033,
                -0.23081932961940766,
                -0.0018381888512521983,
                0.0,
                0.2308163344860077,
                0.9728452563285828,
                0.017214326187968255,
                0.0,
                -0.002185124671086669,
                -0.017173727974295617,
                0.9998500347137451,
                0.0,
                0.0000013262033462524415,
                16.20225715637207,
                0.000001430511474609375,
                1.0
            ],
            "jointName": "LowerLeg.L"
        },
        "LowerBody": {
            "matrix": [
                1.0,
                1.0722772003646242e-7,
                2.54734082716368e-8,
                0.0,
                -1.0722771293103506e-7,
                0.8931567072868347,
                0.44974562525749209,
                0.0,
                2.5473450904200946e-8,
                -0.44974562525749209,
                0.8931567072868347,
                0.0,
                0.0,
                13.202850341796875,
                0.0,
                1.0
            ],
            "children": [
                "UpperBody"
            ],
            "jointName": "LowerBody"
        },
        "UpperBody": {
            "matrix": [
                1.0,
                2.8555829700849246e-8,
                0.0,
                0.0,
                -2.8350267911037009e-8,
                0.9928014278411865,
                0.11977188289165497,
                0.0,
                3.4201854681725764e-9,
                -0.11977188289165497,
                0.9928014278411865,
                0.0,
                9.598428280487015e-14,
                17.245708465576173,
                -4.76837158203125e-7,
                1.0
            ],
            "children": [
                "Neck",
                "UpperArm.L",
                "UpperArm.R"
            ],
            "jointName": "UpperBody"
        },
        "Neck": {
            "matrix": [
                1.0,
                3.450868391041695e-8,
                0.0,
                0.0,
                -3.4145305249921878e-8,
                0.9894700050354004,
                0.14473992586135865,
                0.0,
                4.9947832536645368e-9,
                -0.14473989605903626,
                0.9894697666168213,
                0.0,
                9.719125461035705e-13,
                20.724048614501954,
                0.0,
                1.0
            ],
            "children": [
                "NeckVert"
            ],
            "jointName": "Neck"
        },
        "NeckVert": {
            "matrix": [
                1.0,
                0.000001755003154357837,
                -9.962601552615525e-7,
                0.0,
                -1.9499749726037408e-7,
                0.5753926038742065,
                0.8178770542144775,
                0.0,
                0.000002008618594118161,
                -0.8178774118423462,
                0.5753928422927856,
                0.0,
                -3.6152157656399455e-13,
                15.858156204223633,
                0.000003814697265625,
                1.0
            ],
            "children": [
                "UpperJaw",
                "LowerJaw"
            ],
            "jointName": "NeckVert"
        },
        "UpperJaw": {
            "matrix": [
                1.0,
                2.793342730456061e-7,
                -2.2196275040187175e-7,
                0.0,
                -2.5140496973108386e-7,
                0.9931127429008484,
                0.1171613559126854,
                0.0,
                2.531612324219168e-7,
                -0.1171613559126854,
                0.9931127429008484,
                0.0,
                0.000007382193416560767,
                5.280648231506348,
                -3.4402875900268556,
                1.0
            ],
            "jointName": "UpperJaw"
        },
        "LowerJaw": {
            "matrix": [
                1.0,
                2.793342730456061e-7,
                -2.2196275040187175e-7,
                0.0,
                -2.5140496973108386e-7,
                0.9931127429008484,
                0.1171613559126854,
                0.0,
                2.531612324219168e-7,
                -0.1171613559126854,
                0.9931127429008484,
                0.0,
                -0.00000744470798963448,
                4.753788948059082,
                3.469440460205078,
                1.0
            ],
            "jointName": "LowerJaw"
        },
        "UpperArm.L": {
            "matrix": [
                0.9047269225120544,
                0.23310419917106629,
                -0.35655468702316286,
                0.0,
                0.4259914755821228,
                -0.4951713979244232,
                0.7571893930435181,
                0.0,
                -0.000051647388318087909,
                -0.8369387984275818,
                -0.5472952127456665,
                0.0,
                12.744903564453125,
                15.543048858642579,
                3.4430763721466066,
                1.0
            ],
            "children": [
                "LowerArm.L"
            ],
            "jointName": "UpperArm.L"
        },
        "LowerArm.L": {
            "matrix": [
                0.9936218857765198,
                -0.017002632841467859,
                -0.11147340387105942,
                0.0,
                -0.11242777109146118,
                -0.07324781268835068,
                -0.9909565448760986,
                0.0,
                0.008683685213327408,
                0.9971685409545898,
                -0.07469218969345093,
                0.0,
                -0.000002384185791015625,
                16.739952087402345,
                0.0000061123864725232128,
                1.0
            ],
            "jointName": "LowerArm.L"
        },
        "UpperArm.R": {
            "matrix": [
                0.9047269225120544,
                -0.23310387134552003,
                0.3565552532672882,
                0.0,
                -0.42599189281463625,
                -0.49517178535461428,
                0.7571893930435181,
                0.0,
                0.00005233285264694132,
                -0.8369389176368713,
                -0.5472953915596008,
                0.0,
                -12.744905471801758,
                15.543047904968262,
                3.443068265914917,
                1.0
            ],
            "children": [
                "LowerArm.R"
            ],
            "jointName": "UpperArm.R"
        },
        "LowerArm.R": {
            "matrix": [
                0.9936217665672302,
                0.017002543434500696,
                0.11147352308034897,
                0.0,
                0.11242788285017014,
                -0.07324852049350739,
                -0.9909563064575195,
                0.0,
                -0.008683507330715657,
                0.9971686601638794,
                -0.07469289749860764,
                0.0,
                -0.00000667572021484375,
                16.739940643310548,
                -6.274785846471787e-7,
                1.0
            ],
            "jointName": "LowerArm.R"
        },
        "TailBase": {
            "matrix": [
                1.0,
                -1.9302613907257183e-7,
                3.783624435982347e-7,
                0.0,
                1.9302616749428126e-7,
                -0.5869674682617188,
                -0.8096105456352234,
                0.0,
                3.783624435982347e-7,
                0.8096105456352234,
                -0.5869674682617188,
                0.0,
                0.0,
                13.202850341796875,
                0.0,
                1.0
            ],
            "children": [
                "Tail0"
            ],
            "jointName": "TailBase"
        },
        "Tail0": {
            "matrix": [
                1.0,
                2.0529732580598649e-8,
                0.0,
                0.0,
                -2.0453480686910553e-8,
                0.9962857961654663,
                0.0861077830195427,
                0.0,
                1.7677697083939848e-9,
                -0.0861077830195427,
                0.9962857365608215,
                0.0,
                1.0549668777448673e-12,
                26.2366943359375,
                9.5367431640625e-7,
                1.0
            ],
            "children": [
                "Tail1"
            ],
            "jointName": "Tail0"
        },
        "Tail1": {
            "matrix": [
                1.0,
                4.6472177217538049e-8,
                0.0,
                0.0,
                -4.558081201366804e-8,
                0.9808194041252136,
                0.19491860270500184,
                0.0,
                9.058289229812999e-9,
                -0.19491854310035706,
                0.9808191061019898,
                0.0,
                -6.567216388753128e-13,
                27.783794403076173,
                9.5367431640625e-7,
                1.0
            ],
            "children": [
                "Tail2"
            ],
            "jointName": "Tail1"
        },
        "Tail2": {
            "matrix": [
                1.0,
                1.1064556559858829e-7,
                2.7229100751924308e-8,
                0.0,
                -1.1064553717687886e-7,
                0.8857926726341248,
                0.46408092975616457,
                0.0,
                2.7229162924413687e-8,
                -0.4640809893608093,
                0.8857927918434143,
                0.0,
                -1.6376591922828699e-13,
                19.385154724121095,
                -0.0000019073486328125,
                1.0
            ],
            "children": [
                "Tail3"
            ],
            "jointName": "Tail2"
        },
        "Tail3": {
            "matrix": [
                1.0,
                1.2580116504068429e-7,
                3.589081742916278e-8,
                0.0,
                -1.2580115082982957e-7,
                0.8494629263877869,
                0.5276483297348023,
                0.0,
                3.589085650901325e-8,
                -0.5276483297348023,
                0.8494629263877869,
                0.0,
                -1.816697833834091e-13,
                18.307418823242189,
                -0.0000020265579223632814,
                1.0
            ],
            "children": [
                "Tail4"
            ],
            "jointName": "Tail3"
        },
        "Tail4": {
            "matrix": [
                1.0,
                8.33686755186136e-8,
                0.0,
                0.0,
                -7.81057423182574e-8,
                0.9368715882301331,
                0.34967362880706789,
                0.0,
                2.9151831171247978e-8,
                -0.34967365860939028,
                0.9368717074394226,
                0.0,
                1.963965448603666e-12,
                22.728914260864259,
                -0.0000057220458984375,
                1.0
            ],
            "children": [
                "Tail5"
            ],
            "jointName": "Tail4"
        },
        "Tail5": {
            "matrix": [
                1.0,
                0.0,
                0.0,
                0.0,
                0.0,
                0.998616099357605,
                0.052591919898986819,
                0.0,
                0.0,
                -0.05259192734956741,
                0.9986162185668945,
                0.0,
                -2.2422359108320578e-12,
                14.728652954101563,
                0.0,
                1.0
            ],
            "children": [
                "Tail6"
            ],
            "jointName": "Tail5"
        },
        "Tail6": {
            "matrix": [
                1.0,
                0.0,
                0.0,
                0.0,
                0.0,
                0.9997233152389526,
                -0.023532839491963388,
                0.0,
                0.0,
                0.02353283390402794,
                0.9997230768203735,
                0.0,
                -3.082983521252025e-12,
                12.848827362060547,
                0.0000019073486328125,
                1.0
            ],
            "children": [
                "Tail7"
            ],
            "jointName": "Tail6"
        },
        "Tail7": {
            "matrix": [
                1.0,
                -5.3136691491317836e-8,
                0.0,
                0.0,
                5.1800189027062518e-8,
                0.9748478531837463,
                -0.22287142276763917,
                0.0,
                1.1842649527693539e-8,
                0.22287140786647798,
                0.9748477935791016,
                0.0,
                2.5680568782604496e-12,
                12.511425018310547,
                0.0000095367431640625,
                1.0
            ],
            "children": [
                "Tail8"
            ],
            "jointName": "Tail7"
        },
        "Tail8": {
            "matrix": [
                1.0,
                -4.464350666921746e-8,
                0.0,
                0.0,
                4.38538734215399e-8,
                0.9823125004768372,
                -0.18724842369556428,
                0.0,
                8.359427816628795e-9,
                0.18724845349788667,
                0.9823126792907715,
                0.0,
                3.662814843097273e-12,
                9.988929748535157,
                -0.000011444091796875,
                1.0
            ],
            "children": [
                "Tail9"
            ],
            "jointName": "Tail8"
        },
        "Tail9": {
            "matrix": [
                1.0,
                -6.859909973400136e-8,
                0.0,
                0.0,
                6.569824506641453e-8,
                0.9577129483222961,
                -0.28772541880607607,
                0.0,
                1.973770302754474e-8,
                0.28772538900375368,
                0.9577128887176514,
                0.0,
                -1.3050220626364961e-12,
                8.479446411132813,
                0.0000152587890625,
                1.0
            ],
            "jointName": "Tail9"
        },
        "UpperLeg.R": {
            "matrix": [
                -0.012952742166817189,
                0.1405438780784607,
                0.9899894595146179,
                0.0,
                -0.019320249557495118,
                -0.9899227023124695,
                0.14028161764144898,
                0.0,
                0.9997072815895081,
                -0.017309438437223436,
                0.015537222847342492,
                0.0,
                -16.70185089111328,
                11.253379821777344,
                3.040325403213501,
                1.0
            ],
            "children": [
                "LowerLeg.R"
            ],
            "jointName": "UpperLeg.R"
        },
        "LowerLeg.R": {
            "matrix": [
                0.9729968309402466,
                0.23081184923648835,
                0.0018380541587248445,
                0.0,
                -0.23080874979496003,
                0.9728466272354126,
                0.017213763669133188,
                0.0,
                0.0021849956829100849,
                -0.017173178493976594,
                0.9998502731323242,
                0.0,
                -4.76837158203125e-7,
                16.20224380493164,
                -0.0000022351741790771486,
                1.0
            ],
            "jointName": "LowerLeg.R"
        },
        "Feet.L": {
            "matrix": [
                5.52335052361741e-7,
                0.0,
                -1.0,
                0.0,
                -8.74227694680485e-8,
                -0.9999999403953552,
                -4.828666153445897e-14,
                0.0,
                -1.0,
                8.742277657347586e-8,
                -5.52335052361741e-7,
                0.0,
                16.980091094970704,
                -3.0403289794921877,
                4.293813705444336,
                1.0
            ],
            "jointName": "Feet.L"
        },
        "Target.UpperLeg.L": {
            "matrix": [
                0.017093736678361894,
                0.0,
                -0.9998539090156555,
                0.0,
                -8.741000101508689e-8,
                -0.9999999403953552,
                -1.4943818404944409e-9,
                0.0,
                -0.9998539090156555,
                8.742277657347586e-8,
                -0.017093736678361894,
                0.0,
                16.980091094970704,
                -15.040019035339356,
                28.960308074951173,
                1.0
            ]
        },
        "Feet.R": {
            "matrix": [
                5.52335052361741e-7,
                0.0,
                1.0,
                0.0,
                -8.74227694680485e-8,
                -0.9999999403953552,
                4.828666153445897e-14,
                0.0,
                1.0,
                -8.742277657347586e-8,
                -5.52335052361741e-7,
                0.0,
                -16.980091094970704,
                -3.0403289794921877,
                4.293813705444336,
                1.0
            ],
            "jointName": "Feet.R"
        },
        "Target.UpperLeg.R": {
            "matrix": [
                0.017093736678361894,
                0.0,
                0.9998539090156555,
                0.0,
                8.741000101508689e-8,
                -0.9999999403953552,
                -1.4943818404944409e-9,
                0.0,
                0.9998539090156555,
                8.742277657347586e-8,
                -0.017093736678361894,
                0.0,
                -16.980091094970704,
                -15.040019035339356,
                28.960308074951173,
                1.0
            ]
        },
        "Target.LowerArm.L": {
            "matrix": [
                0.886799693107605,
                0.0,
                0.4621540307998657,
                0.0,
                4.040278867023517e-8,
                -1.0,
                -7.752649366921105e-8,
                0.0,
                0.4621540307998657,
                8.742277657347586e-8,
                -0.886799693107605,
                0.0,
                18.73804473876953,
                -32.93342590332031,
                62.9620246887207,
                1.0
            ]
        },
        "Target.LowerArm.R": {
            "matrix": [
                0.886799693107605,
                0.0,
                -0.4621540307998657,
                0.0,
                -4.040278867023517e-8,
                -1.0,
                -7.752649366921105e-8,
                0.0,
                -0.4621540307998657,
                8.742277657347586e-8,
                -0.886799693107605,
                0.0,
                -18.73804473876953,
                -32.93342590332031,
                62.9620246887207,
                1.0
            ]
        },
        "Target.Tail": {
            "matrix": [
                1.0,
                6.456648549146849e-8,
                -2.295094532200892e-7,
                0.0,
                0.0,
                0.962632417678833,
                0.2708114683628082,
                0.0,
                2.384185791015625e-7,
                -0.2708114683628082,
                0.962632417678833,
                0.0,
                6.986576353123488e-15,
                137.802734375,
                78.41372680664063,
                1.0
            ]
        },
        "Target.Head": {
            "matrix": [
                1.0,
                -4.3680799421963459e-7,
                0.0000021008302155678395,
                0.0,
                5.684341343979715e-13,
                -0.979060709476471,
                -0.20356814563274384,
                0.0,
                0.000002145754024240887,
                0.2035675346851349,
                -0.979057788848877,
                0.0,
                9.72036206137606e-15,
                -35.565433502197269,
                90.7256088256836,
                1.0
            ]
        }
    },
    "samplers": {
        "sampler": {
            "wrapS": 10497,
            "wrapT": 10497,
            "magFilter": 9729,
            "minFilter": 9729
        }
    },
    "scenes": {
        "defaultScene": {
            "nodes": [
                "RootNode"
            ]
        }
    },
    "skins": {
        "skin": {
            "name": "skin",
            "jointNames": [
                "ORG-root",
                "UpperLeg.L",
                "LowerLeg.L",
                "LowerBody",
                "UpperBody",
                "Neck",
                "NeckVert",
                "UpperJaw",
                "LowerJaw",
                "UpperArm.L",
                "LowerArm.L",
                "UpperArm.R",
                "LowerArm.R",
                "TailBase",
                "Tail0",
                "Tail1",
                "Tail2",
                "Tail3",
                "Tail4",
                "Tail5",
                "Tail6",
                "Tail7",
                "Tail8",
                "Tail9",
                "UpperLeg.R",
                "LowerLeg.R",
                "Feet.L",
                "Feet.R"
            ],
            "bindShapeMatrix": [
                1.0,
                0.0,
                0.0,
                0.0,
                0.0,
                1.0,
                0.0,
                0.0,
                0.0,
                0.0,
                1.0,
                0.0,
                0.0,
                0.0,
                0.0,
                1.0
            ],
            "inverseBindMatrices": "skin_accessor_1"
        }
    },
    "textures": {
        "texture": {
            "source": "image",
            "sampler": "sampler"
        }
    },
    "scene": "defaultScene"
}